2.165	0.0	-0.0838806	-0.246707	0.836911	1.0	-0.0729458	-0.237853	1.15033	2.0	-0.0571929	-0.215522	1.45617	3.0	-0.0842278	-0.216793	1.58368	4.0	-0.245965	-0.215313	1.31375	5.0	-0.282341	-0.22843	1.0479	6.0	-0.276784	-0.209021	0.816837	7.0	-0.278025	-0.2056	0.763358	8.0	0.113085	-0.22272	1.32193	9.0	0.180313	-0.258731	1.06148	10.0	0.196796	-0.246149	0.830499	11.0	0.191271	-0.229871	0.785024	12.0	-0.129275	-0.207667	0.83444	13.0	-0.144291	-0.27107	0.522599	14.0	-0.102324	-0.363924	0.167189	15.0	-0.0364473	-0.212871	0.144995	16.0	-0.00669159	-0.208501	0.843906	17.0	0.0649689	-0.109299	0.511561	18.0	0.061945	-0.0250616	0.153003	19.0	0.0809788	0.107812	0.0776659	20.0	-0.0621031	-0.223497	1.38074	21.0	-0.275845	-0.213298	0.702012	22.0	-0.223703	-0.188807	0.761641	23.0	0.201731	-0.21628	0.722937	24.0	0.22467	-0.221499	0.774156
2.199	0.0	-0.0728219	-0.204189	0.84225	1.0	-0.0643229	-0.197868	1.15579	2.0	-0.0503866	-0.178098	1.46186	3.0	-0.0808158	-0.190524	1.59414	4.0	-0.232732	-0.162867	1.32283	5.0	-0.272818	-0.200997	1.02794	6.0	-0.280149	-0.178965	0.792339	7.0	-0.275644	-0.195615	0.756719	8.0	0.120547	-0.185929	1.32809	9.0	0.183352	-0.236812	1.05841	10.0	0.197827	-0.215197	0.827399	11.0	0.196481	-0.20097	0.788822	12.0	-0.118409	-0.164074	0.840746	13.0	-0.14442	-0.27967	0.443492	14.0	-0.0966409	-0.338542	0.148732	15.0	-0.0304386	-0.186886	0.12965	16.0	0.00458481	-0.167259	0.848209	17.0	0.0719692	-0.0828845	0.506044	18.0	0.0607416	-0.0193596	0.148664	19.0	0.0796007	0.110711	0.0702908	20.0	-0.0548874	-0.185574	1.38637	21.0	-0.26849	-0.209037	0.701447	22.0	-0.235553	-0.175629	0.763997	23.0	0.202462	-0.196129	0.731459	24.0	0.236637	-0.191247	0.789201
2.232	0.0	-0.0710301	-0.179604	0.842637	1.0	-0.0607328	-0.171463	1.1562	2.0	-0.0449449	-0.149949	1.46227	3.0	-0.0728299	-0.153387	1.59118	4.0	-0.230639	-0.143235	1.3256	5.0	-0.27539	-0.167789	1.07129	6.0	-0.272966	-0.156474	0.800076	7.0	-0.269532	-0.166304	0.758555	8.0	0.127242	-0.158495	1.32873	9.0	0.19533	-0.187568	1.06715	10.0	0.204765	-0.176697	0.835789	11.0	0.198838	-0.159608	0.791137	12.0	-0.11545	-0.13808	0.841049	13.0	-0.128392	-0.19699	0.519441	14.0	-0.0888913	-0.296449	0.167002	15.0	-0.0214871	-0.14782	0.138837	16.0	0.005462	-0.143999	0.848685	17.0	0.0762794	-0.0711906	0.507918	18.0	0.0601892	-0.0185124	0.14827	19.0	0.079535	0.109767	0.0695241	20.0	-0.0498955	-0.157763	1.3868	21.0	-0.258063	-0.17581	0.714225	22.0	-0.222865	-0.130212	0.768626	23.0	0.203291	-0.157217	0.726585	24.0	0.240392	-0.144883	0.789795
2.266	0.0	-0.0659541	-0.141512	0.845465	1.0	-0.0540725	-0.13388	1.1599	2.0	-0.0368349	-0.112928	1.46675	3.0	-0.0669238	-0.124152	1.599	4.0	-0.218443	-0.0891302	1.32984	5.0	-0.267271	-0.141858	1.02768	6.0	-0.259277	-0.128774	0.796406	7.0	-0.268318	-0.151185	0.752697	8.0	0.135215	-0.124896	1.32702	9.0	0.197762	-0.1654	1.06849	10.0	0.220414	-0.123011	0.83958	11.0	0.20735	-0.120915	0.799165	12.0	-0.10894	-0.0987947	0.843108	13.0	-0.11879	-0.142676	0.518017	14.0	-0.0755282	-0.244607	0.154339	15.0	-0.0104831	-0.0951707	0.125516	16.0	0.00931762	-0.107297	0.852229	17.0	0.0788637	-0.0536516	0.512288	18.0	0.0610131	-0.017806	0.1483	19.0	0.0784937	0.10444	0.0677359	20.0	-0.0421463	-0.120647	1.3911	21.0	-0.263789	-0.143357	0.721368	22.0	-0.227776	-0.119528	0.76658	23.0	0.214093	-0.116872	0.738208	24.0	0.249162	-0.0912548	0.795989
2.299	0.0	-0.0597274	-0.105972	0.846118	1.0	-0.0488173	-0.105076	1.1621	2.0	-0.0324565	-0.0900628	1.47005	3.0	-0.0594256	-0.0861554	1.59583	4.0	-0.218663	-0.0727311	1.32977	5.0	-0.261394	-0.106838	1.06102	6.0	-0.270386	-0.112855	0.830846	7.0	-0.271468	-0.1116	0.78109	8.0	0.138028	-0.0912778	1.32977	9.0	0.208931	-0.123215	1.07477	10.0	0.217473	-0.0961329	0.843651	11.0	0.207038	-0.0746434	0.800363	12.0	-0.104722	-0.0661705	0.845679	13.0	-0.116095	-0.091187	0.501658	14.0	-0.0769326	-0.205716	0.139411	15.0	-0.0117208	-0.0563578	0.110825	16.0	0.0179034	-0.0686111	0.850838	17.0	0.0806982	-0.0400259	0.513738	18.0	0.0626381	-0.0167404	0.149752	19.0	0.07908	0.100834	0.06952	20.0	-0.0375518	-0.0963377	1.39417	21.0	-0.274555	-0.136341	0.718322	22.0	-0.226251	-0.0762792	0.770132	23.0	0.219913	-0.0614687	0.736512	24.0	0.250873	-0.0593423	0.808989
2.332	0.0	-0.0545153	-0.0774507	0.845458	1.0	-0.042429	-0.0721325	1.16166	2.0	-0.0249814	-0.0537296	1.47006	3.0	-0.0542979	-0.0596696	1.60061	4.0	-0.215615	-0.039058	1.33149	5.0	-0.263089	-0.0866245	1.0505	6.0	-0.269491	-0.083446	0.81963	7.0	-0.271065	-0.0803489	0.776515	8.0	0.143238	-0.0666418	1.32676	9.0	0.212246	-0.0973231	1.0763	10.0	0.222092	-0.0471615	0.847771	11.0	0.215151	-0.0280276	0.790528	12.0	-0.0996084	-0.0373636	0.846465	13.0	-0.117181	-0.0531977	0.478482	14.0	-0.127585	-0.305805	0.161008	15.0	-0.0613359	-0.160518	0.122199	16.0	0.0231595	-0.0408562	0.848955	17.0	0.0856544	-0.0280196	0.506098	18.0	0.0629747	-0.0160663	0.149596	19.0	0.0792621	0.0984505	0.0691016	20.0	-0.0303415	-0.0607572	1.39405	21.0	-0.264083	-0.0860891	0.728999	22.0	-0.238327	-0.053143	0.772018	23.0	0.212087	-0.000283266	0.736844	24.0	0.25556	-0.0108936	0.784166
2.366	0.0	-0.0443234	-0.0322209	0.847004	1.0	-0.0355784	-0.0368772	1.16355	2.0	-0.0208156	-0.0268049	1.47206	3.0	-0.0495895	-0.0230755	1.59825	4.0	-0.213945	-0.0176753	1.33033	5.0	-0.25784	-0.046764	1.03994	6.0	-0.252578	-0.0258352	0.808686	7.0	-0.26723	-0.0451959	0.768258	8.0	0.147817	-0.0287286	1.32893	9.0	0.217548	-0.052559	1.07765	10.0	0.224893	-0.00144368	0.849173	11.0	0.218781	0.0154862	0.802214	12.0	-0.089716	0.0049514	0.847472	13.0	-0.105173	0.0130595	0.488542	14.0	-0.105274	-0.241768	0.172239	15.0	-0.104513	-0.22378	0.0890936	16.0	0.0338617	0.00753043	0.85112	17.0	0.089172	-0.00346242	0.496611	18.0	0.0639456	-0.014561	0.149105	19.0	0.0791688	0.0964151	0.068995	20.0	-0.0255665	-0.0319006	1.39604	21.0	-0.262255	-0.0540971	0.728445	22.0	-0.23347	-0.0228704	0.76884	23.0	0.230999	0.0327703	0.742611	24.0	0.258623	0.0381706	0.80969
2.399	0.0	-0.0387626	-0.00707778	0.848838	1.0	-0.0322291	-0.0103853	1.16386	2.0	-0.020151	-0.000726875	1.47087	3.0	-0.0469906	-0.000714581	1.59911	4.0	-0.211711	0.0159673	1.33241	5.0	-0.251359	-0.0185081	1.04292	6.0	-0.2575	-0.00371464	0.811795	7.0	-0.268585	-0.00424718	0.782322	8.0	0.151769	-0.00584381	1.33163	9.0	0.220343	-0.0163886	1.0775	10.0	0.233514	0.0471693	0.851592	11.0	0.229844	0.0666351	0.802447	12.0	-0.0836141	0.0315245	0.849449	13.0	-0.106579	0.0772481	0.493855	14.0	-0.0947651	-0.158316	0.16167	15.0	-0.0810229	-0.136484	0.0770378	16.0	0.0389597	0.0309489	0.852768	17.0	0.0902608	0.00622595	0.49486	18.0	0.064639	-0.0131005	0.15094	19.0	0.0666444	0.0757068	0.0674558	20.0	-0.0242049	-0.00556396	1.39522	21.0	-0.256271	-0.000505945	0.73059	22.0	-0.23096	0.0193503	0.755927	23.0	0.235094	0.0804431	0.746657	24.0	0.263418	0.0865545	0.798459
2.432	0.0	-0.0389677	0.0186658	0.849663	1.0	-0.0324931	0.0172717	1.16372	2.0	-0.0204749	0.0294516	1.46968	3.0	-0.0458915	0.0334336	1.59608	4.0	-0.210341	0.0375137	1.33326	5.0	-0.24801	0.0115197	1.03785	6.0	-0.260096	0.0291151	0.807164	7.0	-0.264813	0.0327625	0.763024	8.0	0.1533	0.0281927	1.33363	9.0	0.224029	0.0229545	1.08612	10.0	0.234148	0.0812992	0.858912	11.0	0.229961	0.109279	0.80505	12.0	-0.0833698	0.0556165	0.850766	13.0	-0.100037	0.143759	0.512368	14.0	-0.089205	-0.0841111	0.174079	15.0	-0.0849526	-0.0478277	0.0891721	16.0	0.0385302	0.058363	0.853076	17.0	0.0897766	0.029319	0.504871	18.0	0.0649176	-0.0114728	0.152278	19.0	0.0707441	0.0790512	0.067971	20.0	-0.024509	0.0239379	1.39431	21.0	-0.252044	0.0383506	0.727013	22.0	-0.226948	0.0644328	0.776612	23.0	0.234029	0.122909	0.74962	24.0	0.264244	0.143208	0.811156
2.466	0.0	-0.0366732	0.055303	0.851778	1.0	-0.0295466	0.0494004	1.16556	2.0	-0.0170007	0.0569619	1.47123	3.0	-0.0450846	0.0612383	1.59762	4.0	-0.207945	0.074705	1.33639	5.0	-0.250767	0.0564394	1.06541	6.0	-0.252262	0.0936666	0.811759	7.0	-0.261529	0.0851708	0.77715	8.0	0.152867	0.0609183	1.33333	9.0	0.226686	0.0631543	1.08977	10.0	0.229858	0.133625	0.865296	11.0	0.22997	0.153085	0.812361	12.0	-0.0810306	0.0947388	0.853627	13.0	-0.0939399	0.201957	0.51715	14.0	-0.0891893	0.00755668	0.156882	15.0	-0.0800977	0.059767	0.0733722	16.0	0.0410786	0.0923448	0.854506	17.0	0.0877371	0.0405937	0.499936	18.0	0.0646827	-0.00945653	0.15316	19.0	0.0714909	0.0822018	0.0668534	20.0	-0.0211538	0.0526095	1.39593	21.0	-0.256605	0.0869979	0.73618	22.0	-0.228122	0.116413	0.786781	23.0	0.220197	0.16935	0.746326	24.0	0.264796	0.160632	0.78775
2.499	0.0	-0.0441531	0.0752498	0.851665	1.0	-0.0332932	0.0747639	1.16541	2.0	-0.0160573	0.0890959	1.47101	3.0	-0.044202	0.0955812	1.5964	4.0	-0.207581	0.0924962	1.33658	5.0	-0.25145	0.076333	1.07031	6.0	-0.254485	0.116049	0.833236	7.0	-0.258467	0.130426	0.787322	8.0	0.15344	0.0864763	1.33373	9.0	0.225719	0.0991901	1.09076	10.0	0.229319	0.164864	0.865127	11.0	0.231491	0.203484	0.800323	12.0	-0.088107	0.112822	0.854904	13.0	-0.0933424	0.247702	0.517339	14.0	-0.0859442	0.113797	0.147191	15.0	-0.0766327	0.177859	0.0671207	16.0	0.0335452	0.114125	0.852876	17.0	0.0860202	0.0532839	0.500239	18.0	0.0627135	-0.00573676	0.152841	19.0	0.0717371	0.0832358	0.0672578	20.0	-0.0214983	0.0829354	1.39575	21.0	-0.252081	0.132129	0.739692	22.0	-0.224917	0.154795	0.780604	23.0	0.223718	0.214063	0.750212	24.0	0.266665	0.217351	0.806581
2.532	0.0	-0.0479728	0.11274	0.848161	1.0	-0.03447	0.109349	1.16258	2.0	-0.0154589	0.118637	1.46883	3.0	-0.0439234	0.124262	1.59481	4.0	-0.209909	0.132825	1.32666	5.0	-0.253726	0.100375	1.07035	6.0	-0.253176	0.167787	0.845671	7.0	-0.258653	0.173198	0.793954	8.0	0.15259	0.117474	1.33201	9.0	0.223691	0.131944	1.09063	10.0	0.225124	0.21381	0.869545	11.0	0.224035	0.241437	0.811753	12.0	-0.0929334	0.150933	0.85216	13.0	-0.0965486	0.293341	0.523216	14.0	-0.0833978	0.21348	0.141649	15.0	-0.0792072	0.299711	0.0730982	16.0	0.0311848	0.150542	0.848874	17.0	0.0862092	0.0732894	0.50615	18.0	0.0618465	-0.00398127	0.152784	19.0	0.0717826	0.0878848	0.0673886	20.0	-0.0212428	0.113914	1.3934	21.0	-0.247763	0.182111	0.735944	22.0	-0.227	0.195977	0.816192	23.0	0.220743	0.257475	0.754975	24.0	0.2563	0.258768	0.81492
2.566	0.0	-0.0431811	0.144457	0.842783	1.0	-0.0343852	0.140891	1.15749	2.0	-0.0199617	0.151646	1.46374	3.0	-0.0472622	0.154956	1.59108	4.0	-0.209702	0.156532	1.32473	5.0	-0.24969	0.138469	1.06137	6.0	-0.25246	0.194588	0.811784	7.0	-0.260321	0.211767	0.783523	8.0	0.149875	0.150812	1.32769	9.0	0.223924	0.164391	1.08773	10.0	0.223529	0.238173	0.864342	11.0	0.219727	0.282749	0.808715	12.0	-0.0885584	0.179709	0.845786	13.0	-0.0972994	0.321747	0.519148	14.0	-0.0887348	0.330143	0.148078	15.0	-0.0691187	0.418562	0.0805981	16.0	0.0366676	0.18544	0.844772	17.0	0.0857826	0.090124	0.505251	18.0	0.0614015	-0.00158678	0.153403	19.0	0.0721262	0.0899493	0.0667347	20.0	-0.0245925	0.146442	1.38834	21.0	-0.256649	0.222571	0.736606	22.0	-0.240876	0.212389	0.768566	23.0	0.217473	0.295968	0.755811	24.0	0.251472	0.2826	0.791299
2.599	0.0	-0.0473394	0.172249	0.839274	1.0	-0.0371105	0.173453	1.15389	2.0	-0.0208307	0.187671	1.46025	3.0	-0.0473391	0.189764	1.58836	4.0	-0.210867	0.188405	1.32593	5.0	-0.24894	0.18306	1.03333	6.0	-0.255917	0.251051	0.809306	7.0	-0.262018	0.251863	0.772748	8.0	0.146932	0.182437	1.3237	9.0	0.220617	0.194107	1.08651	10.0	0.220157	0.287932	0.869682	11.0	0.215873	0.320877	0.81103	12.0	-0.0918661	0.210172	0.841919	13.0	-0.107145	0.369265	0.484854	14.0	-0.0882232	0.417457	0.158215	15.0	-0.0733663	0.540376	0.0815195	16.0	0.032095	0.210185	0.841674	17.0	0.0867066	0.107633	0.499696	18.0	0.0590189	0.00368168	0.152975	19.0	0.0729214	0.090548	0.0659473	20.0	-0.0259845	0.181724	1.38481	21.0	-0.260773	0.253084	0.729407	22.0	-0.237438	0.248781	0.762582	23.0	0.212676	0.333072	0.757099	24.0	0.210197	0.31079	0.795205
2.632	0.0	-0.0520523	0.217035	0.829081	1.0	-0.0422423	0.208617	1.14683	2.0	-0.0263213	0.214882	1.45561	3.0	-0.0523776	0.217085	1.58375	4.0	-0.211856	0.230693	1.32002	5.0	-0.253687	0.209506	1.05861	6.0	-0.253109	0.27217	0.832969	7.0	-0.259226	0.292059	0.785002	8.0	0.142381	0.217205	1.31562	9.0	0.213406	0.232247	1.08073	10.0	0.217734	0.317022	0.860726	11.0	0.210712	0.363718	0.803209	12.0	-0.0970659	0.256716	0.831399	13.0	-0.107062	0.389717	0.463368	14.0	-0.0920262	0.500538	0.160388	15.0	-0.0738528	0.629051	0.0838937	16.0	0.0282947	0.252863	0.832124	17.0	0.085409	0.141258	0.497344	18.0	0.0568332	0.0101019	0.153235	19.0	0.0729241	0.0907621	0.0658259	20.0	-0.0314037	0.210768	1.37963	21.0	-0.249528	0.306925	0.728907	22.0	-0.240184	0.273408	0.757222	23.0	0.192921	0.375799	0.74637	24.0	0.196213	0.363398	0.777974
2.666	0.0	-0.0561484	0.242739	0.824272	1.0	-0.0472471	0.239144	1.14122	2.0	-0.0322499	0.248351	1.44971	3.0	-0.0594715	0.249414	1.5785	4.0	-0.215143	0.25825	1.31301	5.0	-0.258087	0.238269	1.06159	6.0	-0.255852	0.303332	0.836555	7.0	-0.262148	0.323837	0.77936	8.0	0.136386	0.247458	1.30966	9.0	0.210899	0.257261	1.0748	10.0	0.210168	0.358765	0.861262	11.0	0.20178	0.393097	0.802741	12.0	-0.0998882	0.281311	0.827175	13.0	-0.107776	0.420998	0.461126	14.0	-0.0889534	0.548242	0.160308	15.0	-0.0779538	0.683672	0.0924884	16.0	0.0232379	0.279552	0.826873	17.0	0.0843632	0.171021	0.496397	18.0	0.056402	0.0155115	0.152749	19.0	0.0734159	0.0921062	0.0657307	20.0	-0.0371103	0.243694	1.37376	21.0	-0.24969	0.330269	0.71806	22.0	-0.246054	0.305154	0.760189	23.0	0.190068	0.403816	0.745324	24.0	0.183794	0.388442	0.794404
2.699	0.0	-0.0582353	0.291664	0.817958	1.0	-0.0514851	0.276222	1.13491	2.0	-0.0381144	0.276218	1.44339	3.0	-0.0626953	0.274921	1.57332	4.0	-0.227596	0.292847	1.30401	5.0	-0.264807	0.282812	1.06758	6.0	-0.259182	0.362387	0.813393	7.0	-0.263439	0.364533	0.764006	8.0	0.130058	0.276769	1.30446	9.0	0.199349	0.299254	1.06149	10.0	0.205207	0.390093	0.843756	11.0	0.198737	0.424	0.796321	12.0	-0.102279	0.327928	0.819998	13.0	-0.108116	0.459352	0.454752	14.0	-0.0881974	0.564118	0.153478	15.0	-0.0764496	0.690153	0.0875663	16.0	0.0221165	0.330058	0.821793	17.0	0.0858493	0.190975	0.466628	18.0	0.0564296	0.0235938	0.149491	19.0	0.0737933	0.0972586	0.0652996	20.0	-0.0426116	0.273614	1.36744	21.0	-0.246081	0.370636	0.702532	22.0	-0.245609	0.347804	0.73742	23.0	0.185588	0.443798	0.741153	24.0	0.163308	0.430801	0.812856
2.732	0.0	-0.0607809	0.322001	0.817209	1.0	-0.0554082	0.308984	1.13511	2.0	-0.0436523	0.308129	1.44434	3.0	-0.0719247	0.309428	1.57329	4.0	-0.231001	0.32404	1.30267	5.0	-0.271428	0.309818	1.05732	6.0	-0.257728	0.384184	0.805244	7.0	-0.265655	0.40099	0.755954	8.0	0.11693	0.315987	1.30258	9.0	0.195745	0.321307	1.06322	10.0	0.201094	0.414597	0.846477	11.0	0.192703	0.450594	0.793432	12.0	-0.103346	0.363537	0.819143	13.0	-0.108307	0.482643	0.46015	14.0	-0.089339	0.57028	0.153186	15.0	-0.0758432	0.698672	0.08001	16.0	0.0186349	0.355988	0.821133	17.0	0.0833606	0.261362	0.493366	18.0	0.0568462	0.0365892	0.154787	19.0	0.0742975	0.101674	0.0659199	20.0	-0.0477482	0.306032	1.36823	21.0	-0.258733	0.416785	0.711967	22.0	-0.243179	0.396992	0.728391	23.0	0.183822	0.47302	0.737116	24.0	0.165142	0.467149	0.806225
2.766	0.0	-0.0648301	0.36829	0.820621	1.0	-0.0643865	0.345516	1.13577	2.0	-0.0572497	0.338751	1.44258	3.0	-0.0807207	0.337821	1.5727	4.0	-0.240483	0.36107	1.29325	5.0	-0.271397	0.36518	1.05595	6.0	-0.25493	0.441481	0.803145	7.0	-0.266903	0.436565	0.752002	8.0	0.111406	0.334396	1.30358	9.0	0.185015	0.358819	1.0681	10.0	0.196923	0.437141	0.846382	11.0	0.184403	0.474043	0.790703	12.0	-0.106735	0.405661	0.821021	13.0	-0.114061	0.52998	0.465739	14.0	-0.0911877	0.59192	0.143784	15.0	-0.075652	0.703229	0.0739472	16.0	0.0143769	0.405034	0.826127	17.0	0.0886221	0.305143	0.468419	18.0	0.0584633	0.0607638	0.145132	19.0	0.0771577	0.116438	0.0626644	20.0	-0.0601686	0.337828	1.36706	21.0	-0.259372	0.441993	0.707262	22.0	-0.259717	0.448864	0.725674	23.0	0.172953	0.488754	0.729374	24.0	0.153321	0.481649	0.813654
2.799	0.0	-0.0757976	0.402358	0.823009	1.0	-0.0719377	0.378252	1.1383	2.0	-0.0616129	0.366147	1.44464	3.0	-0.0892761	0.367046	1.57421	4.0	-0.24697	0.40221	1.29849	5.0	-0.281945	0.385242	1.05644	6.0	-0.273015	0.466693	0.758084	7.0	-0.271294	0.467419	0.737787	8.0	0.100341	0.374792	1.30702	9.0	0.176773	0.386587	1.06084	10.0	0.189974	0.466899	0.839888	11.0	0.179538	0.498239	0.794372	12.0	-0.117826	0.441369	0.822963	13.0	-0.116852	0.545943	0.470853	14.0	-0.0928328	0.600264	0.143258	15.0	-0.0743102	0.703864	0.0731907	16.0	0.00403041	0.437873	0.828893	17.0	0.0903408	0.393464	0.507481	18.0	0.0614722	0.14695	0.185501	19.0	0.0839559	0.285629	0.15101	20.0	-0.0653242	0.366842	1.36927	21.0	-0.268511	0.469619	0.701018	22.0	-0.259515	0.468986	0.713454	23.0	0.16818	0.519828	0.730012	24.0	0.14992	0.514841	0.813055
2.832	0.0	-0.0831029	0.437606	0.826756	1.0	-0.0798753	0.408665	1.14159	2.0	-0.0704363	0.393927	1.44753	3.0	-0.0985454	0.399136	1.57524	4.0	-0.25397	0.424937	1.30303	5.0	-0.308523	0.434422	1.06485	6.0	-0.217015	0.535356	0.859847	7.0	-0.26201	0.52148	0.803855	8.0	0.0964691	0.391462	1.30798	9.0	0.169292	0.404112	1.0615	10.0	0.183955	0.487329	0.841626	11.0	0.172272	0.519766	0.799405	12.0	-0.125052	0.478628	0.826622	13.0	-0.119404	0.561931	0.471049	14.0	-0.0945792	0.605632	0.141306	15.0	-0.0727342	0.707333	0.0713865	16.0	-0.00263565	0.47039	0.832624	17.0	0.0931428	0.472761	0.512778	18.0	0.075301	0.206408	0.206825	19.0	0.0997923	0.34499	0.172481	20.0	-0.0739474	0.395183	1.37226	21.0	-0.267055	0.516962	0.775599	22.0	-0.268555	0.52299	0.813466	23.0	0.170368	0.540368	0.735993	24.0	0.142768	0.545889	0.805468
2.866	0.0	-0.0889414	0.462283	0.833131	1.0	-0.0862726	0.435235	1.14845	2.0	-0.0770964	0.420918	1.45451	3.0	-0.103749	0.424879	1.5832	4.0	-0.261309	0.466819	1.30807	5.0	-0.297031	0.463369	1.06073	6.0	-0.226054	0.558452	0.855374	7.0	-0.268285	0.534597	0.797277	8.0	0.089808	0.419586	1.31409	9.0	0.158251	0.429447	1.07074	10.0	0.177463	0.507405	0.849522	11.0	0.166604	0.538771	0.802793	12.0	-0.1299	0.505203	0.832149	13.0	-0.120492	0.568222	0.473699	14.0	-0.0954472	0.607404	0.140319	15.0	-0.0744305	0.708625	0.0691871	16.0	-0.00905066	0.493298	0.839723	17.0	0.0902575	0.54585	0.518153	18.0	0.074776	0.275715	0.215434	19.0	0.103522	0.413768	0.181138	20.0	-0.0805696	0.422145	1.37924	21.0	-0.270926	0.527999	0.769546	22.0	-0.283629	0.543461	0.841382	23.0	0.158762	0.553898	0.736008	24.0	0.142777	0.575885	0.798865
2.899	0.0	-0.0925458	0.487968	0.841819	1.0	-0.0904347	0.463514	1.1565	2.0	-0.0819174	0.452578	1.46195	3.0	-0.108078	0.453024	1.59271	4.0	-0.266241	0.487345	1.31434	5.0	-0.300218	0.499568	1.03995	6.0	-0.168549	0.638039	0.844422	7.0	-0.173782	0.628635	0.799649	8.0	0.0853587	0.439613	1.32054	9.0	0.153337	0.442227	1.07489	10.0	0.170678	0.523297	0.854535	11.0	0.164685	0.556833	0.810598	12.0	-0.133458	0.531256	0.839229	13.0	-0.122979	0.57512	0.470994	14.0	-0.0958646	0.609999	0.138519	15.0	-0.0743084	0.709838	0.0686654	16.0	-0.0123076	0.518213	0.849797	17.0	0.0838801	0.570993	0.514668	18.0	0.0649272	0.310601	0.203058	19.0	0.0940335	0.448391	0.168867	20.0	-0.0852304	0.452915	1.38685	21.0	-0.171931	0.636198	0.71193	22.0	-0.215582	0.62112	0.80332	23.0	0.164881	0.568186	0.744613	24.0	0.15537	0.60042	0.816549
2.932	0.0	-0.102038	0.507851	0.846683	1.0	-0.0976704	0.48348	1.1615	2.0	-0.0868453	0.472209	1.46698	3.0	-0.112079	0.474585	1.59706	4.0	-0.273018	0.514411	1.3225	5.0	-0.308022	0.518118	1.0419	6.0	-0.235323	0.62328	0.841692	7.0	-0.277312	0.591965	0.802153	8.0	0.080266	0.462086	1.32512	9.0	0.146124	0.459753	1.08087	10.0	0.165564	0.545414	0.862134	11.0	0.161554	0.576009	0.816891	12.0	-0.142964	0.551802	0.843523	13.0	-0.125828	0.586661	0.465363	14.0	-0.0961466	0.611066	0.137145	15.0	-0.0746912	0.710366	0.0677411	16.0	-0.0213417	0.53722	0.855118	17.0	0.0796143	0.62675	0.516676	18.0	0.0516818	0.362094	0.209676	19.0	0.0546055	0.414301	0.127802	20.0	-0.0907408	0.472666	1.39188	21.0	-0.265573	0.584665	0.769465	22.0	-0.29116	0.597256	0.809892	23.0	0.162111	0.591477	0.750912	24.0	0.145044	0.616097	0.82267
2.966	0.0	-0.102694	0.53161	0.853144	1.0	-0.10094	0.50677	1.16611	2.0	-0.0926105	0.495307	1.46981	3.0	-0.116182	0.499504	1.59916	4.0	-0.277188	0.538922	1.32705	5.0	-0.317924	0.561339	1.06162	6.0	-0.310235	0.606477	0.833128	7.0	-0.319893	0.61058	0.80031	8.0	0.0776001	0.481654	1.32774	9.0	0.143416	0.469924	1.08173	10.0	0.161639	0.562972	0.865616	11.0	0.159121	0.596254	0.823338	12.0	-0.143187	0.577441	0.847929	13.0	-0.129982	0.596807	0.460061	14.0	-0.0961748	0.611729	0.136026	15.0	-0.0746346	0.710742	0.0674163	16.0	-0.0221005	0.559171	0.86344	17.0	0.0811184	0.684156	0.553798	18.0	0.0453738	0.435867	0.236845	19.0	0.0428543	0.508775	0.151452	20.0	-0.095896	0.495794	1.39516	21.0	-0.310449	0.610231	0.737183	22.0	-0.316614	0.637779	0.751362	23.0	0.158071	0.624574	0.757385	24.0	0.141214	0.638567	0.833127
2.999	0.0	-0.108709	0.551335	0.859511	1.0	-0.105929	0.532308	1.17112	2.0	-0.096143	0.527167	1.47298	3.0	-0.118387	0.528277	1.60404	4.0	-0.282224	0.56108	1.33138	5.0	-0.332383	0.583904	1.0863	6.0	-0.311295	0.637535	0.859634	7.0	-0.333608	0.646593	0.812621	8.0	0.0750865	0.502871	1.33106	9.0	0.141192	0.488509	1.08822	10.0	0.158813	0.578146	0.870867	11.0	0.160686	0.616693	0.826495	12.0	-0.147918	0.598679	0.855024	13.0	-0.131953	0.606223	0.46117	14.0	-0.0956284	0.611601	0.137107	15.0	-0.0748276	0.710612	0.067221	16.0	-0.0289165	0.577044	0.868985	17.0	0.0922936	0.76071	0.588058	18.0	0.0471125	0.533398	0.252229	19.0	0.0425977	0.569574	0.17061	20.0	-0.0998493	0.526039	1.39884	21.0	-0.332135	0.6503	0.743016	22.0	-0.326055	0.69408	0.759936	23.0	0.161085	0.639726	0.763132	24.0	0.142975	0.656666	0.835717
3.032	0.0	-0.116366	0.571251	0.859793	1.0	-0.110491	0.552209	1.17112	2.0	-0.0978604	0.546222	1.47291	3.0	-0.12139	0.548686	1.60354	4.0	-0.283675	0.582081	1.33227	5.0	-0.337521	0.603665	1.08587	6.0	-0.314362	0.683882	0.866137	7.0	-0.344683	0.691747	0.805251	8.0	0.0730392	0.525926	1.33026	9.0	0.139776	0.503168	1.08899	10.0	0.157149	0.592708	0.871674	11.0	0.163325	0.629891	0.826104	12.0	-0.155308	0.618589	0.85628	13.0	-0.135357	0.614425	0.459265	14.0	-0.0957847	0.612004	0.137472	15.0	-0.0753686	0.710568	0.066774	16.0	-0.0364745	0.596632	0.868312	17.0	0.0842245	0.782349	0.588405	18.0	0.0315306	0.578611	0.25335	19.0	0.0025972	0.660388	0.153824	20.0	-0.102251	0.545377	1.39876	21.0	-0.340625	0.701575	0.747373	22.0	-0.33651	0.737409	0.829801	23.0	0.164329	0.648043	0.764155	24.0	0.144687	0.671702	0.836852
3.066	0.0	-0.120172	0.588723	0.861352	1.0	-0.112106	0.571502	1.17318	2.0	-0.097079	0.567538	1.47555	3.0	-0.122047	0.572578	1.60521	4.0	-0.288627	0.601089	1.33334	5.0	-0.339916	0.629021	1.08609	6.0	-0.339714	0.705496	0.864801	7.0	-0.356549	0.732433	0.805663	8.0	0.0713153	0.548494	1.33122	9.0	0.13667	0.521056	1.09048	10.0	0.157342	0.605237	0.871582	11.0	0.163022	0.649585	0.81366	12.0	-0.15898	0.634353	0.859154	13.0	-0.138584	0.627217	0.450668	14.0	-0.0965291	0.619996	0.145442	15.0	-0.0748542	0.710081	0.0678458	16.0	-0.0401369	0.615813	0.868409	17.0	0.0808278	0.819403	0.587018	18.0	-0.00315012	0.659199	0.219026	19.0	-0.037183	0.725091	0.117461	20.0	-0.102096	0.566171	1.40125	21.0	-0.35324	0.741894	0.752419	22.0	-0.344269	0.779492	0.829842	23.0	0.162386	0.665493	0.754998	24.0	0.144539	0.681901	0.834552
3.099	0.0	-0.124409	0.610448	0.861866	1.0	-0.114834	0.592956	1.17303	2.0	-0.0984273	0.588377	1.47472	3.0	-0.124093	0.596041	1.6032	4.0	-0.29098	0.62108	1.33534	5.0	-0.343506	0.645667	1.09072	6.0	-0.35341	0.74009	0.876231	7.0	-0.365446	0.770777	0.813471	8.0	0.0687158	0.569519	1.33285	9.0	0.134062	0.545414	1.08661	10.0	0.159151	0.627118	0.867346	11.0	0.161927	0.654538	0.817083	12.0	-0.163715	0.657776	0.860819	13.0	-0.146239	0.642697	0.454335	14.0	-0.087929	0.646581	0.101243	15.0	-0.120956	0.674607	0.0347773	16.0	-0.0435296	0.635482	0.867952	17.0	0.0820268	0.87809	0.621271	18.0	-0.00491239	0.722566	0.251543	19.0	-0.0166586	0.764157	0.138125	20.0	-0.103778	0.587199	1.40059	21.0	-0.360263	0.79649	0.765783	22.0	-0.352486	0.806876	0.85031	23.0	0.165288	0.672858	0.753226	24.0	0.144797	0.693626	0.828029
3.132	0.0	-0.121559	0.627914	0.868748	1.0	-0.113366	0.612335	1.17772	2.0	-0.0983825	0.610135	1.47711	3.0	-0.126514	0.61759	1.60601	4.0	-0.292159	0.641008	1.3375	5.0	-0.34338	0.669089	1.09149	6.0	-0.357157	0.764304	0.877734	7.0	-0.370672	0.806406	0.81728	8.0	0.0686612	0.590696	1.33443	9.0	0.133335	0.566189	1.08512	10.0	0.160104	0.634823	0.862311	11.0	0.161757	0.665318	0.812809	12.0	-0.160928	0.67257	0.870208	13.0	-0.152901	0.660531	0.452623	14.0	-0.0671663	0.62362	0.0585674	15.0	-0.0798613	0.743746	0.0474863	16.0	-0.0403363	0.656213	0.872031	17.0	0.0779267	0.894209	0.617933	18.0	0.0284233	0.776523	0.316879	19.0	0.0612486	0.912351	0.28215	20.0	-0.103374	0.608319	1.40358	21.0	-0.3664	0.82461	0.76802	22.0	-0.362231	0.842232	0.844855	23.0	0.159064	0.678472	0.745456	24.0	0.140813	0.702976	0.825115
3.166	0.0	-0.115263	0.642623	0.871444	1.0	-0.11114	0.629941	1.17898	2.0	-0.100514	0.631437	1.47681	3.0	-0.127552	0.639215	1.60569	4.0	-0.29121	0.662072	1.33917	5.0	-0.343339	0.690516	1.09182	6.0	-0.360704	0.792006	0.881117	7.0	-0.375759	0.833856	0.823849	8.0	0.0673414	0.614143	1.33626	9.0	0.134362	0.593267	1.08503	10.0	0.161228	0.652803	0.860131	11.0	0.159433	0.673897	0.810205	12.0	-0.154282	0.688029	0.873576	13.0	-0.16374	0.675527	0.456573	14.0	-0.0746374	0.632071	0.068972	15.0	-0.0777894	0.747371	0.0385797	16.0	-0.0345208	0.669421	0.874021	17.0	0.0749351	0.949269	0.646833	18.0	0.0343605	0.845983	0.313493	19.0	0.0669193	0.981587	0.278849	20.0	-0.104366	0.628638	1.4037	21.0	-0.368601	0.855704	0.771205	22.0	-0.372556	0.876988	0.824755	23.0	0.16145	0.691908	0.741063	24.0	0.137144	0.711806	0.820072
3.199	0.0	-0.111629	0.663449	0.872665	1.0	-0.108744	0.652681	1.1788	2.0	-0.0990753	0.654383	1.47526	3.0	-0.126973	0.659696	1.60557	4.0	-0.292344	0.682876	1.33944	5.0	-0.342858	0.715159	1.09193	6.0	-0.363286	0.8131	0.880175	7.0	-0.374815	0.861391	0.825016	8.0	0.0676347	0.634924	1.33442	9.0	0.135634	0.612309	1.08383	10.0	0.160686	0.668932	0.85822	11.0	0.157641	0.689246	0.807536	12.0	-0.150305	0.710658	0.875709	13.0	-0.182545	0.711853	0.531477	14.0	-0.0842226	0.643095	0.131546	15.0	-0.0672313	0.715494	0.0546061	16.0	-0.0309618	0.68842	0.874427	17.0	0.0729494	0.965817	0.634922	18.0	0.0380479	0.90168	0.286189	19.0	0.0708733	1.03698	0.252071	20.0	-0.10275	0.651694	1.40247	21.0	-0.369033	0.876472	0.777188	22.0	-0.348885	0.892495	0.857503	23.0	0.154087	0.694056	0.735095	24.0	0.133846	0.727421	0.811471
3.232	0.0	-0.106675	0.679594	0.871308	1.0	-0.106575	0.670195	1.17746	2.0	-0.0995258	0.674047	1.47389	3.0	-0.128933	0.67836	1.60485	4.0	-0.292658	0.705098	1.33876	5.0	-0.343127	0.734204	1.08845	6.0	-0.359949	0.842149	0.880758	7.0	-0.371761	0.883859	0.824154	8.0	0.0668755	0.658003	1.33345	9.0	0.138734	0.638851	1.08292	10.0	0.158683	0.687232	0.85549	11.0	0.159072	0.708529	0.790979	12.0	-0.146333	0.723162	0.873758	13.0	-0.182244	0.719486	0.530054	14.0	-0.0718479	0.624232	0.13943	15.0	-0.0723843	0.730542	0.0468277	16.0	-0.0247845	0.70853	0.873902	17.0	0.0699474	0.990872	0.630733	18.0	0.0394465	0.96037	0.279707	19.0	0.0723836	1.0954	0.245771	20.0	-0.102556	0.670745	1.40111	21.0	-0.367409	0.902657	0.777305	22.0	-0.364194	0.92133	0.852638	23.0	0.152625	0.719326	0.726637	24.0	0.12607	0.735931	0.81645
3.266	0.0	-0.10812	0.70355	0.86759	1.0	-0.108381	0.694785	1.17463	2.0	-0.101401	0.698436	1.47199	3.0	-0.12746	0.704607	1.60209	4.0	-0.289987	0.727377	1.33691	5.0	-0.341357	0.752212	1.08585	6.0	-0.357516	0.858047	0.877177	7.0	-0.367782	0.90062	0.820367	8.0	0.0651291	0.681221	1.33096	9.0	0.137678	0.660788	1.08128	10.0	0.160537	0.704516	0.853396	11.0	0.156622	0.726678	0.789767	12.0	-0.148537	0.74769	0.870554	13.0	-0.180836	0.741487	0.526054	14.0	-0.0730602	0.626653	0.140552	15.0	-0.0441849	0.686606	0.0617759	16.0	-0.0252068	0.731098	0.86973	17.0	0.0675854	1.02288	0.62372	18.0	0.0356635	0.988886	0.282927	19.0	0.0687578	1.12382	0.248984	20.0	-0.104458	0.69527	1.39898	21.0	-0.364104	0.915605	0.774749	22.0	-0.359839	0.940144	0.851397	23.0	0.151668	0.724712	0.7267	24.0	0.132951	0.762772	0.813092
3.299	0.0	-0.107347	0.732429	0.86489	1.0	-0.107652	0.721989	1.17192	2.0	-0.100611	0.724317	1.46917	3.0	-0.127043	0.728136	1.60058	4.0	-0.289122	0.751997	1.33685	5.0	-0.336514	0.779753	1.07536	6.0	-0.352375	0.880864	0.864626	7.0	-0.359482	0.918685	0.81038	8.0	0.0675779	0.705741	1.32935	9.0	0.136996	0.684008	1.07442	10.0	0.15978	0.726837	0.846453	11.0	0.154763	0.752198	0.796192	12.0	-0.14732	0.776428	0.868702	13.0	-0.182633	0.768791	0.521317	14.0	-0.0768373	0.634948	0.141969	15.0	-0.0445678	0.686216	0.0615743	16.0	-0.0245116	0.76006	0.8662	17.0	0.0632272	1.05291	0.608654	18.0	0.0374647	1.04731	0.265488	19.0	0.0721669	1.16375	0.204609	20.0	-0.103699	0.721452	1.3962	21.0	-0.349886	0.931114	0.763083	22.0	-0.354717	0.960104	0.838814	23.0	0.144191	0.764779	0.725331	24.0	0.130012	0.787583	0.813963
3.332	0.0	-0.0956313	0.753563	0.860478	1.0	-0.100929	0.742808	1.16975	2.0	-0.0981525	0.745423	1.46885	3.0	-0.125725	0.753638	1.59829	4.0	-0.289507	0.774108	1.3327	5.0	-0.332644	0.798112	1.07255	6.0	-0.343137	0.897759	0.86071	7.0	-0.349655	0.931346	0.80288	8.0	0.0686956	0.732701	1.32507	9.0	0.13643	0.703184	1.06847	10.0	0.160206	0.751558	0.841443	11.0	0.153112	0.775049	0.79563	12.0	-0.135219	0.797884	0.86252	13.0	-0.177227	0.793841	0.512463	14.0	-0.0779108	0.637854	0.140795	15.0	-0.0530372	0.699301	0.0621508	16.0	-0.0131318	0.780849	0.863668	17.0	0.0601933	1.08335	0.566993	18.0	0.0435173	1.08941	0.244147	19.0	0.0759521	1.21029	0.186122	20.0	-0.100221	0.742427	1.39545	21.0	-0.336339	0.955021	0.753508	22.0	-0.353959	0.967752	0.821812	23.0	0.147016	0.788402	0.723449	24.0	0.130247	0.81134	0.815848
3.366	0.0	-0.0877927	0.779798	0.855107	1.0	-0.0959702	0.770236	1.16562	2.0	-0.0964126	0.773151	1.46605	3.0	-0.124368	0.777528	1.59759	4.0	-0.284052	0.803601	1.3295	5.0	-0.328781	0.818642	1.06969	6.0	-0.334943	0.908701	0.853786	7.0	-0.337074	0.94186	0.794053	8.0	0.0695831	0.755127	1.32108	9.0	0.136061	0.728021	1.06921	10.0	0.158717	0.77001	0.841172	11.0	0.153572	0.798119	0.791442	12.0	-0.127241	0.824574	0.85668	13.0	-0.0966257	0.691904	0.445408	14.0	-0.0693516	0.662733	0.140753	15.0	-0.0365362	0.797996	0.107432	16.0	-0.00530022	0.806392	0.859036	17.0	0.0589648	1.0872	0.556883	18.0	0.0473451	1.13998	0.212616	19.0	0.0837552	1.2769	0.153723	20.0	-0.0976757	0.770175	1.39232	21.0	-0.332108	0.948117	0.74722	22.0	-0.335327	0.990147	0.788562	23.0	0.149671	0.810098	0.721285	24.0	0.137082	0.842084	0.797303
3.399	0.0	-0.104845	0.812191	0.844411	1.0	-0.102301	0.800331	1.15786	2.0	-0.0934948	0.803582	1.46035	3.0	-0.122223	0.805669	1.59309	4.0	-0.282759	0.825204	1.32497	5.0	-0.312905	0.860433	1.03831	6.0	-0.328252	0.934091	0.817939	7.0	-0.326806	0.95095	0.766343	8.0	0.0717855	0.788216	1.31576	9.0	0.137188	0.747921	1.0667	10.0	0.154424	0.81564	0.837244	11.0	0.148838	0.829212	0.78491	12.0	-0.142588	0.853139	0.847776	13.0	-0.100126	0.699389	0.446451	14.0	-0.0759631	0.675933	0.14086	15.0	-0.0463418	0.811444	0.107454	16.0	-0.0232528	0.842328	0.846817	17.0	0.0573339	1.09277	0.541886	18.0	0.0495971	1.17101	0.178257	19.0	0.0814687	1.30358	0.140849	20.0	-0.097059	0.800272	1.38616	21.0	-0.320583	0.961592	0.733275	22.0	-0.323539	0.998239	0.793257	23.0	0.147434	0.837698	0.716237	24.0	0.130983	0.875749	0.799386
3.432	0.0	-0.107528	0.834085	0.840083	1.0	-0.103108	0.825593	1.15374	2.0	-0.0912561	0.829121	1.45723	3.0	-0.119397	0.835756	1.58793	4.0	-0.279271	0.857365	1.32043	5.0	-0.311745	0.873632	1.0349	6.0	-0.312833	0.951659	0.814796	7.0	-0.31119	0.965475	0.761774	8.0	0.0755708	0.817697	1.31114	9.0	0.139587	0.782277	1.06088	10.0	0.157864	0.825221	0.832668	11.0	0.150165	0.852183	0.777719	12.0	-0.14586	0.876285	0.842913	13.0	-0.0964769	0.739556	0.433879	14.0	-0.0789266	0.664173	0.139013	15.0	-0.0653922	0.712798	0.0575267	16.0	-0.0249679	0.862469	0.84328	17.0	0.0551754	1.09479	0.5286	18.0	0.0541172	1.1942	0.158633	19.0	0.0824966	1.31634	0.119708	20.0	-0.09558	0.826055	1.38275	21.0	-0.301756	0.965222	0.722182	22.0	-0.309603	1.004	0.751613	23.0	0.143848	0.862133	0.711145	24.0	0.135348	0.896366	0.782566
3.466	0.0	-0.100659	0.867842	0.836524	1.0	-0.0988098	0.856021	1.15035	2.0	-0.0889976	0.857519	1.45379	3.0	-0.116943	0.858238	1.5874	4.0	-0.27467	0.887483	1.31363	5.0	-0.307838	0.90064	1.02999	6.0	-0.304533	0.963003	0.805557	7.0	-0.300139	0.975162	0.751327	8.0	0.0777282	0.847403	1.30793	9.0	0.139872	0.808231	1.05379	10.0	0.156324	0.849661	0.825291	11.0	0.149716	0.878269	0.774591	12.0	-0.139033	0.909906	0.83807	13.0	-0.0964676	0.745955	0.4419	14.0	-0.0768194	0.678688	0.144713	15.0	-0.0463445	0.814219	0.111286	16.0	-0.0176659	0.896222	0.841238	17.0	0.0543302	1.09541	0.526155	18.0	0.0561849	1.19706	0.151206	19.0	0.0863734	1.33012	0.107091	20.0	-0.092848	0.854839	1.37935	21.0	-0.295198	0.97903	0.715582	22.0	-0.300627	1.02255	0.77553	23.0	0.146763	0.891254	0.707696	24.0	0.134457	0.921722	0.781893
3.499	0.0	-0.114827	0.896127	0.826884	1.0	-0.102115	0.886655	1.14575	2.0	-0.081219	0.893924	1.45398	3.0	-0.11141	0.894718	1.58795	4.0	-0.27304	0.913834	1.30967	5.0	-0.314385	0.917502	1.05045	6.0	-0.300093	0.989724	0.828516	7.0	-0.286718	0.999743	0.774368	8.0	0.0814145	0.882825	1.3048	9.0	0.14113	0.842894	1.05193	10.0	0.157717	0.885494	0.823606	11.0	0.150634	0.908625	0.769628	12.0	-0.152821	0.939914	0.825581	13.0	-0.0976512	0.764083	0.436478	14.0	-0.0818753	0.688292	0.141659	15.0	-0.0540914	0.823856	0.107733	16.0	-0.031489	0.922397	0.834589	17.0	0.0531932	1.09619	0.522601	18.0	0.0570942	1.20186	0.131893	19.0	0.0879819	1.33364	0.0921657	20.0	-0.0880521	0.889489	1.37828	21.0	-0.288672	0.990813	0.712448	22.0	-0.293659	1.01457	0.780969	23.0	0.146222	0.919853	0.701443	24.0	0.137502	0.953832	0.775244
3.532	0.0	-0.113825	0.926506	0.822725	1.0	-0.0978607	0.92066	1.14414	2.0	-0.0743427	0.925682	1.45507	3.0	-0.108262	0.92469	1.59013	4.0	-0.262976	0.953693	1.30769	5.0	-0.313386	0.943604	1.06112	6.0	-0.281558	1.02957	0.814556	7.0	-0.277252	1.01829	0.768285	8.0	0.0877145	0.923703	1.3055	9.0	0.144014	0.879287	1.05235	10.0	0.159841	0.922848	0.814739	11.0	0.149485	0.940217	0.763521	12.0	-0.150935	0.969398	0.82218	13.0	-0.0978485	0.776797	0.442811	14.0	-0.0820725	0.69931	0.148465	15.0	-0.0545252	0.834818	0.114372	16.0	-0.0309488	0.953083	0.83007	17.0	0.0524782	1.09915	0.516834	18.0	0.0563181	1.1987	0.129243	19.0	0.0820686	1.32781	0.0795964	20.0	-0.081573	0.922382	1.37881	21.0	-0.274444	1.01661	0.70911	22.0	-0.269368	1.00636	0.738856	23.0	0.137792	0.949979	0.693278	24.0	0.137714	0.990901	0.770638
3.566	0.0	-0.108916	0.970351	0.82253	1.0	-0.0926695	0.958847	1.14516	2.0	-0.0684995	0.961943	1.45688	3.0	-0.1021	0.96133	1.59217	4.0	-0.254525	0.988703	1.30991	5.0	-0.30055	0.987949	1.06745	6.0	-0.223855	1.09437	0.8193	7.0	-0.247443	1.06224	0.785561	8.0	0.094597	0.955706	1.30662	9.0	0.147786	0.921987	1.04931	10.0	0.157774	0.945444	0.819085	11.0	0.152555	0.968104	0.76214	12.0	-0.144063	1.0149	0.822509	13.0	-0.169607	0.969986	0.509082	14.0	-0.106217	0.738096	0.174657	15.0	-0.0771513	0.873434	0.140617	16.0	-0.0273374	0.995148	0.829527	17.0	0.0519288	1.10581	0.511852	18.0	0.0547444	1.19388	0.129522	19.0	0.0696571	1.31742	0.0691143	20.0	-0.0759465	0.958764	1.38044	21.0	-0.254864	1.04896	0.74718	22.0	-0.280151	1.06865	0.767524	23.0	0.150255	0.981664	0.694612	24.0	0.142564	1.0152	0.783224
3.599	0.0	-0.0982562	1.00972	0.824763	1.0	-0.0842867	0.996343	1.14841	2.0	-0.0625597	0.994872	1.46069	3.0	-0.0972491	0.993021	1.59688	4.0	-0.243228	1.02645	1.31726	5.0	-0.296812	1.01221	1.07337	6.0	-0.193364	1.13756	0.852357	7.0	-0.20106	1.13179	0.822197	8.0	0.0988324	0.993254	1.31037	9.0	0.15452	0.956454	1.05241	10.0	0.162398	0.989039	0.822781	11.0	0.154935	1.00529	0.763557	12.0	-0.13311	1.05211	0.823084	13.0	-0.164117	1.011	0.509597	14.0	-0.104378	0.767274	0.183541	15.0	-0.0747338	0.902673	0.149728	16.0	-0.0167148	1.03624	0.833513	17.0	0.0519931	1.12327	0.50783	18.0	0.0505764	1.19845	0.123218	19.0	0.0657389	1.31522	0.0654278	20.0	-0.0693901	0.993065	1.38417	21.0	-0.179646	1.10633	0.727621	22.0	-0.229663	1.10292	0.7815	23.0	0.150854	1.01868	0.693642	24.0	0.144054	1.0557	0.774149
3.632	0.0	-0.0882032	1.05631	0.829046	1.0	-0.0756303	1.03761	1.15323	2.0	-0.0549032	1.03282	1.46597	3.0	-0.0900698	1.02687	1.60417	4.0	-0.23357	1.06214	1.32503	5.0	-0.30609	1.03615	1.1056	6.0	-0.19341	1.1734	0.874385	7.0	-0.194764	1.17458	0.830399	8.0	0.106438	1.0273	1.31153	9.0	0.160862	1.00249	1.05645	10.0	0.167734	1.02758	0.826283	11.0	0.161074	1.0452	0.767374	12.0	-0.122206	1.10153	0.828418	13.0	-0.151636	1.05478	0.492551	14.0	-0.099961	0.781884	0.19067	15.0	-0.0693941	0.917397	0.157118	16.0	-0.00704964	1.07927	0.836666	17.0	0.0606337	1.14768	0.50694	18.0	0.0498542	1.20048	0.119506	19.0	0.0630883	1.31293	0.0630599	20.0	-0.0615017	1.03172	1.38935	21.0	-0.177254	1.15285	0.739448	22.0	-0.21813	1.14499	0.788864	23.0	0.153797	1.05131	0.692767	24.0	0.150744	1.09428	0.766196
3.666	0.0	-0.0856851	1.08295	0.829923	1.0	-0.0712154	1.0689	1.15411	2.0	-0.0486249	1.06741	1.46668	3.0	-0.0850446	1.06227	1.60493	4.0	-0.226674	1.10149	1.32954	5.0	-0.174414	1.19251	1.02591	6.0	-0.197476	1.22231	0.798529	7.0	-0.177778	1.19084	0.755884	8.0	0.1098	1.06807	1.31566	9.0	0.165132	1.04395	1.05958	10.0	0.175248	1.07915	0.830111	11.0	0.16629	1.09486	0.766874	12.0	-0.120241	1.12574	0.82991	13.0	-0.146449	1.11162	0.485521	14.0	-0.101283	0.830149	0.191084	15.0	-0.0708097	0.965355	0.15736	16.0	-0.00342413	1.1088	0.836895	17.0	0.0643425	1.17563	0.506268	18.0	0.0503192	1.2023	0.12007	19.0	0.0618184	1.30906	0.0617753	20.0	-0.0556906	1.06559	1.39012	21.0	-0.170897	1.20125	0.702379	22.0	-0.171713	1.20982	0.709595	23.0	0.16645	1.10584	0.699733	24.0	0.152994	1.14191	0.783208
3.699	0.0	-0.0906509	1.13392	0.830927	1.0	-0.0720928	1.10841	1.15651	2.0	-0.046438	1.09766	1.46994	3.0	-0.0800283	1.09615	1.60726	4.0	-0.223135	1.13761	1.33111	5.0	-0.1676	1.2194	1.02857	6.0	-0.186537	1.26393	0.802252	7.0	-0.170687	1.23475	0.755575	8.0	0.113485	1.10299	1.31799	9.0	0.17281	1.08686	1.06071	10.0	0.184989	1.12945	0.832051	11.0	0.174957	1.14441	0.772096	12.0	-0.124199	1.17659	0.832254	13.0	-0.130407	1.16285	0.480943	14.0	-0.0970201	0.879383	0.187411	15.0	-0.0658211	1.01459	0.154609	16.0	-0.00845181	1.15843	0.836697	17.0	0.0625759	1.1954	0.487793	18.0	0.0523663	1.20516	0.123409	19.0	0.0616207	1.30759	0.0611318	20.0	-0.0541879	1.09797	1.39322	21.0	-0.160013	1.24708	0.70565	22.0	-0.172442	1.24826	0.729586	23.0	0.177999	1.16139	0.704572	24.0	0.156266	1.18896	0.797038
3.732	0.0	-0.0874073	1.15931	0.833084	1.0	-0.0691067	1.14183	1.15937	2.0	-0.043118	1.13708	1.47354	3.0	-0.0768038	1.12698	1.61431	4.0	-0.219784	1.16921	1.33293	5.0	-0.164231	1.25951	1.044	6.0	-0.193315	1.30887	0.819788	7.0	-0.17413	1.29039	0.829769	8.0	0.114875	1.13378	1.32249	9.0	0.176842	1.12333	1.06315	10.0	0.189	1.18183	0.825041	11.0	0.180724	1.19485	0.775083	12.0	-0.121038	1.20249	0.834133	13.0	-0.125835	1.21965	0.494361	14.0	-0.11432	1.1457	0.198197	15.0	-0.114591	1.1558	0.30272	16.0	-0.0047574	1.18365	0.839142	17.0	0.0545542	1.20974	0.48565	18.0	0.0535496	1.20739	0.125737	19.0	0.061528	1.30712	0.0608796	20.0	-0.0510174	1.13612	1.39665	21.0	-0.18449	1.26578	0.745998	22.0	-0.182236	1.33369	0.827962	23.0	0.181749	1.21293	0.706179	24.0	0.157788	1.23597	0.791446
3.766	0.0	-0.0871831	1.19713	0.836655	1.0	-0.0694364	1.1788	1.16163	2.0	-0.0435372	1.17345	1.47446	3.0	-0.0772245	1.17156	1.61284	4.0	-0.221487	1.19882	1.33924	5.0	-0.164253	1.28598	1.04803	6.0	-0.190212	1.33273	0.822822	7.0	-0.176462	1.32249	0.82869	8.0	0.115336	1.17516	1.32525	9.0	0.184021	1.17162	1.0694	10.0	0.193851	1.22957	0.839792	11.0	0.186391	1.24603	0.782213	12.0	-0.120952	1.23781	0.838621	13.0	-0.118539	1.27081	0.499749	14.0	-0.136477	1.03855	0.19976	15.0	-0.0785649	1.13949	0.109382	16.0	-0.00374845	1.22329	0.841668	17.0	0.0603136	1.22049	0.4834	18.0	0.0535049	1.20829	0.126424	19.0	0.0605244	1.30519	0.0597347	20.0	-0.0514504	1.17255	1.39791	21.0	-0.180848	1.31864	0.742346	22.0	-0.198381	1.29993	0.801598	23.0	0.19086	1.26511	0.717097	24.0	0.158874	1.27902	0.791363
3.799	0.0	-0.0887145	1.22569	0.839207	1.0	-0.0700556	1.20845	1.16474	2.0	-0.0430749	1.20392	1.47796	3.0	-0.0771469	1.2036	1.61616	4.0	-0.221879	1.23336	1.34346	5.0	-0.167104	1.32181	1.04564	6.0	-0.193602	1.35956	0.81925	7.0	-0.178789	1.35429	0.825696	8.0	0.117255	1.20407	1.32644	9.0	0.190935	1.20475	1.0756	10.0	0.197752	1.27633	0.852419	11.0	0.194188	1.30098	0.787735	12.0	-0.123186	1.26509	0.842885	13.0	-0.116262	1.33541	0.513979	14.0	-0.107689	1.13067	0.156838	15.0	-0.0819974	1.18302	0.0445281	16.0	-0.0040176	1.25294	0.842482	17.0	0.0660733	1.23503	0.469892	18.0	0.0273232	1.20048	0.115264	19.0	0.0602835	1.30206	0.0596917	20.0	-0.0512767	1.2029	1.40134	21.0	-0.212815	1.32119	0.762731	22.0	-0.212883	1.32101	0.798065	23.0	0.190628	1.31739	0.724908	24.0	0.159806	1.31531	0.802526
3.832	0.0	-0.0912798	1.25713	0.841493	1.0	-0.0717372	1.24166	1.16609	2.0	-0.0437174	1.23904	1.4782	3.0	-0.0794159	1.24621	1.61367	4.0	-0.223105	1.26302	1.34409	5.0	-0.169142	1.34809	1.04823	6.0	-0.199529	1.40516	0.825611	7.0	-0.183013	1.38759	0.82866	8.0	0.116267	1.2408	1.3287	9.0	0.192422	1.24954	1.0797	10.0	0.198616	1.32676	0.858039	11.0	0.197333	1.35477	0.797016	12.0	-0.126117	1.29498	0.846431	13.0	-0.113372	1.3691	0.503572	14.0	-0.100912	1.18209	0.135983	15.0	-0.110459	1.23263	0.0628329	16.0	-0.00557908	1.28525	0.843495	17.0	0.0664761	1.24549	0.46731	18.0	0.0306524	1.20458	0.116629	19.0	0.0561194	1.29741	0.0591569	20.0	-0.0522011	1.23751	1.40188	21.0	-0.173992	1.39546	0.77084	22.0	-0.207677	1.35929	0.799699	23.0	0.192521	1.3777	0.735982	24.0	0.16425	1.37093	0.806483
3.866	0.0	-0.0929271	1.28468	0.841375	1.0	-0.0727846	1.27489	1.16624	2.0	-0.0438731	1.27815	1.47858	3.0	-0.0816792	1.27498	1.61867	4.0	-0.226528	1.29771	1.34546	5.0	-0.174286	1.38294	1.04214	6.0	-0.197935	1.41872	0.815055	7.0	-0.17996	1.41619	0.816825	8.0	0.112945	1.27821	1.32626	9.0	0.193928	1.28147	1.0823	10.0	0.200573	1.36712	0.863273	11.0	0.198504	1.40658	0.802532	12.0	-0.127617	1.32322	0.847155	13.0	-0.115288	1.43099	0.501677	14.0	-0.100389	1.27224	0.127659	15.0	-0.0853604	1.33667	0.0541184	16.0	-0.0068617	1.31171	0.842677	17.0	0.0688876	1.26867	0.478516	18.0	0.032813	1.20955	0.117394	19.0	0.0563571	1.29809	0.0564589	20.0	-0.0526162	1.27517	1.40222	21.0	-0.178235	1.44244	0.753114	22.0	-0.215256	1.39644	0.799577	23.0	0.191029	1.43362	0.744358	24.0	0.184006	1.44375	0.812844
3.899	0.0	-0.093832	1.30972	0.83978	1.0	-0.0745297	1.30199	1.16514	2.0	-0.0464162	1.30666	1.47788	3.0	-0.0839494	1.31173	1.61511	4.0	-0.234882	1.3254	1.34482	5.0	-0.175207	1.41402	1.04077	6.0	-0.202351	1.45103	0.814326	7.0	-0.17914	1.45233	0.821707	8.0	0.108052	1.3128	1.32699	9.0	0.196252	1.32446	1.08284	10.0	0.199498	1.41648	0.866038	11.0	0.198688	1.45778	0.806667	12.0	-0.128461	1.34465	0.845694	13.0	-0.120024	1.48182	0.507295	14.0	-0.105044	1.38478	0.124958	15.0	-0.108314	1.46243	0.0632012	16.0	-0.00731236	1.34017	0.841072	17.0	0.0691116	1.28739	0.487901	18.0	0.0384983	1.216	0.122539	19.0	0.055934	1.29711	0.0565789	20.0	-0.0549715	1.30338	1.40143	21.0	-0.18514	1.47117	0.759004	22.0	-0.209208	1.44008	0.802319	23.0	0.192454	1.48638	0.752014	24.0	0.166959	1.46506	0.821487
3.932	0.0	-0.0966321	1.34465	0.833762	1.0	-0.078365	1.34019	1.16038	2.0	-0.0510987	1.34844	1.47431	3.0	-0.0894906	1.34807	1.61409	4.0	-0.241361	1.37367	1.3332	5.0	-0.176482	1.4494	1.03966	6.0	-0.205163	1.48972	0.813885	7.0	-0.177594	1.4934	0.767321	8.0	0.105196	1.34508	1.32469	9.0	0.193818	1.35497	1.08418	10.0	0.196579	1.45594	0.87094	11.0	0.19662	1.50494	0.809777	12.0	-0.131552	1.38047	0.838721	13.0	-0.124222	1.51075	0.508451	14.0	-0.114328	1.50099	0.117801	15.0	-0.116745	1.5804	0.0586735	16.0	-0.00915238	1.37327	0.836307	17.0	0.0693878	1.30638	0.495418	18.0	0.0398321	1.21881	0.123272	19.0	0.0559563	1.29734	0.0558681	20.0	-0.0594715	1.34426	1.39758	21.0	-0.165445	1.53093	0.720184	22.0	-0.190796	1.50302	0.773878	23.0	0.189049	1.53521	0.756149	24.0	0.193011	1.5458	0.826656
3.966	0.0	-0.0973495	1.37826	0.830365	1.0	-0.0813325	1.37164	1.15662	2.0	-0.0559112	1.37745	1.47002	3.0	-0.0946736	1.38268	1.60785	4.0	-0.245186	1.39703	1.33037	5.0	-0.17337	1.48705	1.04299	6.0	-0.210014	1.51856	0.817688	7.0	-0.186169	1.52149	0.78609	8.0	0.102644	1.38238	1.32098	9.0	0.188337	1.4001	1.08094	10.0	0.193253	1.4969	0.865936	11.0	0.188262	1.54573	0.809286	12.0	-0.131297	1.41368	0.83474	13.0	-0.130032	1.5523	0.497956	14.0	-0.124141	1.59974	0.119944	15.0	-0.112299	1.70108	0.068015	16.0	-0.010191	1.4069	0.83372	17.0	0.0705173	1.32414	0.494177	18.0	0.0414202	1.22263	0.126175	19.0	0.0564106	1.29685	0.0565976	20.0	-0.0638674	1.37391	1.39344	21.0	-0.195772	1.5584	0.700245	22.0	-0.196587	1.55569	0.810971	23.0	0.184437	1.57963	0.757401	24.0	0.222319	1.57282	0.824312
3.999	0.0	-0.097474	1.41545	0.82151	1.0	-0.0844898	1.40957	1.14886	2.0	-0.0620097	1.41614	1.4631	3.0	-0.104239	1.42361	1.60022	4.0	-0.250334	1.43971	1.3212	5.0	-0.175606	1.52126	1.04198	6.0	-0.244855	1.52871	0.807651	7.0	-0.290789	1.49108	0.754691	8.0	0.0984749	1.4184	1.31666	9.0	0.186814	1.43098	1.08062	10.0	0.189042	1.53689	0.86957	11.0	0.186347	1.58775	0.803657	12.0	-0.131174	1.45145	0.824873	13.0	-0.134999	1.58654	0.468887	14.0	-0.134707	1.69044	0.107646	15.0	-0.115215	1.78718	0.0619968	16.0	-0.00985719	1.44274	0.826319	17.0	0.0697014	1.35721	0.501848	18.0	0.0419253	1.22832	0.129335	19.0	0.0558356	1.29639	0.0569947	20.0	-0.069249	1.41243	1.38634	21.0	-0.305592	1.48452	0.721252	22.0	-0.297554	1.50574	0.764598	23.0	0.179515	1.61774	0.754516	24.0	0.221258	1.61355	0.806298
4.032	0.0	-0.097531	1.45425	0.813719	1.0	-0.088117	1.44328	1.14267	2.0	-0.0684864	1.44513	1.45814	3.0	-0.109642	1.45379	1.59502	4.0	-0.257445	1.46721	1.31705	5.0	-0.183428	1.56565	1.02516	6.0	-0.212493	1.60147	0.799003	7.0	-0.210159	1.58116	0.762648	8.0	0.0928198	1.45486	1.31061	9.0	0.182093	1.47801	1.07242	10.0	0.182642	1.57854	0.859048	11.0	0.179287	1.62264	0.801643	12.0	-0.13022	1.48788	0.81703	13.0	-0.138955	1.6184	0.45775	14.0	-0.141085	1.73978	0.123357	15.0	-0.111116	1.86697	0.0941198	16.0	-0.0102112	1.48334	0.819047	17.0	0.0670585	1.3877	0.495066	18.0	0.0404731	1.23433	0.129401	19.0	0.0554005	1.29807	0.0552639	20.0	-0.0750824	1.44257	1.3811	21.0	-0.236968	1.57366	0.71346	22.0	-0.239243	1.56532	0.764576	23.0	0.173843	1.65845	0.749928	24.0	0.180817	1.66236	0.825036
4.066	0.0	-0.0974173	1.49544	0.806321	1.0	-0.0930181	1.4835	1.13496	2.0	-0.0784706	1.48389	1.45005	3.0	-0.123322	1.49719	1.585	4.0	-0.26656	1.51352	1.30285	5.0	-0.190192	1.59829	1.00517	6.0	-0.21527	1.63236	0.778293	7.0	-0.201787	1.63225	0.7564	8.0	0.0867171	1.48969	1.30275	9.0	0.176173	1.50793	1.06554	10.0	0.175965	1.6129	0.852968	11.0	0.175727	1.65579	0.796937	12.0	-0.129382	1.53005	0.809557	13.0	-0.140213	1.65282	0.455869	14.0	-0.141367	1.74203	0.123267	15.0	-0.108277	1.86913	0.0941911	16.0	-0.00997983	1.52263	0.81215	17.0	0.0635439	1.43681	0.487037	18.0	0.0408429	1.24449	0.130609	19.0	0.0554807	1.29957	0.0538541	20.0	-0.0838036	1.48176	1.37311	21.0	-0.184729	1.67136	0.702046	22.0	-0.230022	1.62568	0.757098	23.0	0.17055	1.68868	0.742421	24.0	0.170951	1.69555	0.813933
4.099	0.0	-0.10811	1.54489	0.801589	1.0	-0.10173	1.52181	1.13164	2.0	-0.0852981	1.51211	1.44779	3.0	-0.132678	1.52234	1.58439	4.0	-0.269672	1.53843	1.29748	5.0	-0.197991	1.63915	1.00088	6.0	-0.215146	1.68869	0.775102	7.0	-0.21475	1.67035	0.754963	8.0	0.0788058	1.51997	1.30038	9.0	0.167567	1.5462	1.05838	10.0	0.171357	1.6375	0.841275	11.0	0.168187	1.68303	0.789691	12.0	-0.139165	1.57736	0.806249	13.0	-0.14234	1.69476	0.462148	14.0	-0.139203	1.75161	0.119534	15.0	-0.107669	1.87906	0.0912774	16.0	-0.0203505	1.57308	0.80627	17.0	0.0606861	1.48505	0.483351	18.0	0.0430067	1.25981	0.140261	19.0	0.0570471	1.30972	0.0622524	20.0	-0.0911017	1.51241	1.37062	21.0	-0.216462	1.68175	0.717651	22.0	-0.227453	1.67155	0.759809	23.0	0.162518	1.7188	0.733547	24.0	0.165628	1.72326	0.807283
4.132	0.0	-0.114589	1.58642	0.804372	1.0	-0.109907	1.5617	1.1327	2.0	-0.094703	1.54845	1.44715	3.0	-0.13747	1.55025	1.58776	4.0	-0.281221	1.58285	1.29368	5.0	-0.200503	1.67663	1.01933	6.0	-0.221949	1.71781	0.792668	7.0	-0.211423	1.72074	0.770253	8.0	0.0695944	1.55811	1.29912	9.0	0.158691	1.57299	1.05392	10.0	0.165053	1.667	0.837852	11.0	0.161349	1.70918	0.78436	12.0	-0.146192	1.61676	0.806646	13.0	-0.140865	1.7289	0.462831	14.0	-0.139111	1.76152	0.126937	15.0	-0.105776	1.88894	0.0987852	16.0	-0.0252382	1.61598	0.8116	17.0	0.0586405	1.55092	0.490678	18.0	0.046088	1.2981	0.167794	19.0	0.0572972	1.31588	0.0664792	20.0	-0.100257	1.54983	1.37039	21.0	-0.19143	1.74482	0.708007	22.0	-0.230872	1.7089	0.76229	23.0	0.152393	1.74025	0.725881	24.0	0.150939	1.7483	0.798509
4.166	0.0	-0.128916	1.6312	0.806093	1.0	-0.120722	1.598	1.13483	2.0	-0.102706	1.57809	1.44938	3.0	-0.147569	1.58977	1.58649	4.0	-0.2867	1.60614	1.29815	5.0	-0.215485	1.71397	1.00147	6.0	-0.220297	1.76117	0.774102	7.0	-0.236846	1.74663	0.765437	8.0	0.0631768	1.58814	1.29916	9.0	0.147799	1.60538	1.05425	10.0	0.159164	1.68685	0.833669	11.0	0.153786	1.72712	0.786471	12.0	-0.159909	1.66276	0.807268	13.0	-0.140158	1.75122	0.462045	14.0	-0.137828	1.7719	0.130998	15.0	-0.106173	1.89954	0.103183	16.0	-0.0388869	1.65799	0.814297	17.0	0.0559526	1.62505	0.492876	18.0	0.0433421	1.35896	0.181068	19.0	0.0698186	1.4926	0.151145	20.0	-0.108905	1.58101	1.37263	21.0	-0.235972	1.75063	0.728771	22.0	-0.259809	1.72631	0.763193	23.0	0.145422	1.75851	0.723694	24.0	0.146701	1.76893	0.79764
4.199	0.0	-0.133449	1.66093	0.810343	1.0	-0.126352	1.62839	1.13957	2.0	-0.108803	1.60732	1.45429	3.0	-0.153329	1.61395	1.59407	4.0	-0.296984	1.64211	1.30214	5.0	-0.219266	1.73966	1.00746	6.0	-0.249665	1.78872	0.783561	7.0	-0.261606	1.76241	0.767779	8.0	0.0570175	1.61351	1.3036	9.0	0.140169	1.62517	1.05578	10.0	0.150366	1.71207	0.836808	11.0	0.145483	1.74528	0.786572	12.0	-0.164201	1.69351	0.811097	13.0	-0.141492	1.7756	0.447696	14.0	-0.134201	1.77978	0.104724	15.0	-0.0996767	1.90711	0.0774029	16.0	-0.0429751	1.68614	0.818901	17.0	0.0530244	1.69604	0.495799	18.0	0.0406235	1.4179	0.194782	19.0	0.0706391	1.55099	0.164956	20.0	-0.114941	1.61067	1.37754	21.0	-0.329656	1.73429	0.742085	22.0	-0.25041	1.79759	0.780225	23.0	0.140601	1.77283	0.724775	24.0	0.135666	1.78727	0.796417
4.232	0.0	-0.14811	1.69774	0.816421	1.0	-0.136773	1.66071	1.14504	2.0	-0.115543	1.63637	1.45925	3.0	-0.1624	1.6476	1.59766	4.0	-0.305252	1.6734	1.30541	5.0	-0.222162	1.76308	1.00829	6.0	-0.2525	1.81349	0.784601	7.0	-0.273148	1.77838	0.764642	8.0	0.0515639	1.6408	1.30875	9.0	0.130624	1.65516	1.06046	10.0	0.147034	1.72678	0.836829	11.0	0.140114	1.76454	0.788392	12.0	-0.177715	1.72814	0.816223	13.0	-0.132708	1.79207	0.441541	14.0	-0.133949	1.78128	0.100958	15.0	-0.0984442	1.90863	0.0738435	16.0	-0.0576629	1.72389	0.82578	17.0	0.0498662	1.74757	0.487812	18.0	0.0350568	1.46518	0.190789	19.0	0.0510506	1.47178	0.100679	20.0	-0.122561	1.64046	1.38263	21.0	-0.312222	1.74849	0.725352	22.0	-0.303595	1.76662	0.756958	23.0	0.132452	1.78931	0.723999	24.0	0.130104	1.80608	0.798584
4.267	0.0	-0.158021	1.72492	0.827635	1.0	-0.143635	1.68746	1.15313	2.0	-0.119104	1.66202	1.46426	3.0	-0.16485	1.67269	1.60349	4.0	-0.307758	1.70317	1.31264	5.0	-0.226564	1.79414	1.01266	6.0	-0.263975	1.85228	0.791927	7.0	-0.270626	1.81017	0.780503	8.0	0.047725	1.66123	1.31555	9.0	0.12387	1.67204	1.0661	10.0	0.142113	1.74376	0.84257	11.0	0.138997	1.77973	0.796539	12.0	-0.187229	1.75614	0.827659	13.0	-0.0901274	1.8343	0.455983	14.0	-0.133847	1.78228	0.0999365	15.0	-0.0991628	1.82928	0.0251076	16.0	-0.0671535	1.74947	0.836336	17.0	0.0568264	1.81751	0.521231	18.0	0.0323219	1.53462	0.225184	19.0	0.0464148	1.54386	0.130798	20.0	-0.126961	1.66643	1.3884	21.0	-0.245543	1.82441	0.713212	22.0	-0.30355	1.81008	0.77716	23.0	0.136412	1.79912	0.729705	24.0	0.133619	1.82407	0.803693
4.299	0.0	-0.160028	1.75488	0.841457	1.0	-0.147032	1.7154	1.16313	2.0	-0.123525	1.68801	1.47057	3.0	-0.167864	1.70034	1.60971	4.0	-0.310877	1.72755	1.31698	5.0	-0.226731	1.81988	1.01794	6.0	-0.263916	1.87084	0.795607	7.0	-0.301359	1.8267	0.774318	8.0	0.0440811	1.68561	1.32228	9.0	0.117884	1.68984	1.0707	10.0	0.138816	1.7606	0.846971	11.0	0.13871	1.79667	0.804709	12.0	-0.188699	1.78509	0.842082	13.0	-0.0520843	1.87507	0.52191	14.0	-0.12848	1.78803	0.124	15.0	-0.0902085	1.91538	0.0967053	16.0	-0.0689739	1.77969	0.849016	17.0	0.0542497	1.83688	0.516668	18.0	0.015204	1.59072	0.233951	19.0	0.0274416	1.6343	0.155646	20.0	-0.131167	1.69293	1.39563	21.0	-0.328125	1.82407	0.706202	22.0	-0.328482	1.84725	0.768387	23.0	0.145398	1.81495	0.741445	24.0	0.133557	1.84046	0.810349
4.332	0.0	-0.162115	1.77804	0.85048	1.0	-0.148966	1.74053	1.17013	2.0	-0.125249	1.71478	1.47503	3.0	-0.169112	1.73095	1.61304	4.0	-0.316158	1.75659	1.32412	5.0	-0.220839	1.84965	1.02965	6.0	-0.299627	1.87324	0.817092	7.0	-0.350951	1.8499	0.767731	8.0	0.0416585	1.70653	1.32677	9.0	0.114211	1.70569	1.07276	10.0	0.138365	1.78042	0.850302	11.0	0.138436	1.8192	0.808077	12.0	-0.191481	1.81049	0.85303	13.0	-0.0386771	1.89729	0.549725	14.0	-0.120398	1.79776	0.156143	15.0	-0.0795925	1.92501	0.128338	16.0	-0.0698909	1.80017	0.85597	17.0	0.0510581	1.9168	0.548866	18.0	0.00593286	1.68823	0.209748	19.0	0.0175242	1.71532	0.131222	20.0	-0.132958	1.71932	1.40077	21.0	-0.355381	1.8593	0.723231	22.0	-0.349855	1.88095	0.798868	23.0	0.145809	1.84095	0.748276	24.0	0.121368	1.84885	0.832901
4.366	0.0	-0.180795	1.80594	0.856851	1.0	-0.158713	1.76576	1.17484	2.0	-0.127689	1.7387	1.47854	3.0	-0.171029	1.75288	1.61792	4.0	-0.318579	1.77987	1.32892	5.0	-0.218339	1.86828	1.03978	6.0	-0.30556	1.88661	0.830669	7.0	-0.359792	1.8846	0.778603	8.0	0.039872	1.72954	1.3295	9.0	0.112163	1.72028	1.07572	10.0	0.13877	1.80088	0.855202	11.0	0.140377	1.83769	0.814034	12.0	-0.210341	1.83879	0.863623	13.0	-0.0667336	1.92285	0.556255	14.0	-0.112151	1.80919	0.15945	15.0	-0.0711795	1.93632	0.131747	16.0	-0.0874825	1.82662	0.857973	17.0	0.0654401	2.00457	0.587707	18.0	-0.00986078	1.82837	0.222637	19.0	0.0304783	1.95645	0.194573	20.0	-0.137141	1.74344	1.40456	21.0	-0.364086	1.8846	0.733712	22.0	-0.365689	1.85395	0.769558	23.0	0.151466	1.86031	0.753408	24.0	0.128561	1.88217	0.816797
4.399	0.0	-0.178923	1.82558	0.860512	1.0	-0.158765	1.79019	1.17795	2.0	-0.128696	1.7664	1.48043	3.0	-0.173316	1.78398	1.6188	4.0	-0.319821	1.80502	1.33396	5.0	-0.221871	1.89258	1.03688	6.0	-0.327342	1.91566	0.837819	7.0	-0.365887	1.92287	0.798764	8.0	0.0376947	1.7515	1.33109	9.0	0.111911	1.73483	1.078	10.0	0.139294	1.81851	0.858483	11.0	0.142578	1.85612	0.814078	12.0	-0.208401	1.8582	0.867636	13.0	-0.119922	1.79935	0.535581	14.0	-0.095516	1.81959	0.150592	15.0	-0.0536259	1.9464	0.123039	16.0	-0.0851782	1.84569	0.860945	17.0	0.0633112	2.01296	0.582948	18.0	-0.00190651	1.86205	0.203561	19.0	-0.0491522	1.86419	0.116917	20.0	-0.137982	1.77054	1.40681	21.0	-0.377452	1.94198	0.741403	22.0	-0.36407	1.90271	0.793226	23.0	0.155303	1.87972	0.754426	24.0	0.136789	1.90359	0.814674
4.432	0.0	-0.178518	1.84804	0.862332	1.0	-0.159501	1.81211	1.17929	2.0	-0.129934	1.78759	1.48127	3.0	-0.172474	1.80299	1.62099	4.0	-0.318702	1.83375	1.33186	5.0	-0.221147	1.91347	1.03759	6.0	-0.335773	1.93549	0.844216	7.0	-0.37555	1.95503	0.790642	8.0	0.0373749	1.77462	1.33054	9.0	0.112383	1.7521	1.07886	10.0	0.146525	1.84902	0.845235	11.0	0.146562	1.87657	0.805761	12.0	-0.209018	1.87889	0.869808	13.0	-0.109213	1.82509	0.534996	14.0	-0.118207	1.77478	0.119804	15.0	-0.0311069	1.90186	0.190962	16.0	-0.0830931	1.86954	0.862296	17.0	0.0597606	2.10267	0.626298	18.0	0.00464822	1.93552	0.25135	19.0	0.00911839	2.01481	0.193624	20.0	-0.13913	1.79188	1.40778	21.0	-0.384025	1.97294	0.73799	22.0	-0.370954	1.93243	0.79125	23.0	0.157704	1.89744	0.750309	24.0	0.125715	1.90603	0.831221
4.466	0.0	-0.17424	1.87073	0.864499	1.0	-0.157817	1.83546	1.18108	2.0	-0.130563	1.81176	1.48257	3.0	-0.173486	1.8363	1.61838	4.0	-0.322276	1.8547	1.33209	5.0	-0.283405	1.93501	1.02204	6.0	-0.345961	1.97796	0.805495	7.0	-0.371615	1.98512	0.811968	8.0	0.0382965	1.79685	1.33045	9.0	0.111983	1.77182	1.07704	10.0	0.146753	1.85783	0.843967	11.0	0.149342	1.89161	0.803113	12.0	-0.204352	1.9034	0.872392	13.0	-0.116616	1.83971	0.525516	14.0	-0.116915	1.78967	0.109949	15.0	-0.0389697	1.91767	0.188358	16.0	-0.0788417	1.88974	0.864031	17.0	0.0573643	2.14501	0.646103	18.0	0.000607181	1.97545	0.310955	19.0	0.0301078	2.05662	0.250242	20.0	-0.1392	1.81586	1.40922	21.0	-0.370977	1.99824	0.752658	22.0	-0.362552	1.97132	0.832102	23.0	0.151507	1.92893	0.744051	24.0	0.136342	1.92768	0.827281
4.499	0.0	-0.168749	1.88863	0.862854	1.0	-0.155356	1.85675	1.18055	2.0	-0.131248	1.83677	1.48311	3.0	-0.173194	1.85711	1.62146	4.0	-0.319948	1.88288	1.33138	5.0	-0.277434	1.95152	1.01908	6.0	-0.365025	2.00782	0.815578	7.0	-0.374997	2.01549	0.820925	8.0	0.0390683	1.82151	1.32964	9.0	0.11158	1.79641	1.07408	10.0	0.143714	1.87102	0.850054	11.0	0.148829	1.90325	0.803614	12.0	-0.198063	1.92127	0.870316	13.0	-0.132317	1.85882	0.482635	14.0	-0.118091	1.79142	0.106863	15.0	-0.0448989	1.92498	0.178917	16.0	-0.0738436	1.90727	0.862932	17.0	0.0585671	2.19563	0.684274	18.0	0.0020785	2.02976	0.325235	19.0	0.0341781	2.11457	0.268062	20.0	-0.139085	1.83992	1.4095	21.0	-0.375737	2.04684	0.755885	22.0	-0.365581	1.99767	0.801768	23.0	0.152201	1.93035	0.739786	24.0	0.139913	1.94393	0.814155
4.532	0.0	-0.163857	1.92155	0.840121	1.0	-0.153298	1.88437	1.17053	2.0	-0.130712	1.86029	1.48218	3.0	-0.170817	1.87748	1.62228	4.0	-0.317913	1.90936	1.32692	5.0	-0.276858	1.97556	1.02263	6.0	-0.380972	2.02236	0.826119	7.0	-0.372814	2.04208	0.828432	8.0	0.0394237	1.84409	1.32881	9.0	0.110623	1.81977	1.07264	10.0	0.143605	1.88957	0.849172	11.0	0.149922	1.91676	0.800305	12.0	-0.192188	1.95922	0.822696	13.0	-0.148978	1.85762	0.396818	14.0	-0.120397	1.78968	0.0984544	15.0	-0.0936682	1.87543	0.04294	16.0	-0.0695273	1.93355	0.860695	17.0	0.0616283	2.22296	0.683185	18.0	0.197145	2.56588	0.453326	19.0	0.248179	2.68208	0.426145	20.0	-0.138263	1.86434	1.40656	21.0	-0.368827	2.07926	0.764217	22.0	-0.364287	2.02897	0.792715	23.0	0.154898	1.9462	0.73596	24.0	0.136905	1.95613	0.808182
4.566	0.0	-0.1782	1.93759	0.834463	1.0	-0.159949	1.90456	1.16656	2.0	-0.129772	1.88588	1.48166	3.0	-0.169019	1.90161	1.62275	4.0	-0.319837	1.92584	1.33014	5.0	-0.247804	2.01628	1.03082	6.0	-0.368467	2.05731	0.844045	7.0	-0.372363	2.07322	0.803065	8.0	0.0399844	1.86867	1.32793	9.0	0.113105	1.84651	1.07017	10.0	0.144912	1.90704	0.844183	11.0	0.150784	1.93236	0.796521	12.0	-0.203837	1.96885	0.821685	13.0	-0.154537	1.8858	0.446429	14.0	-0.122239	1.79155	0.102149	15.0	-0.0987507	1.83995	0.0274075	16.0	-0.0859659	1.9571	0.853383	17.0	0.0648368	2.26631	0.727556	18.0	0.22483	2.63559	0.562742	19.0	0.275286	2.75067	0.532816	20.0	-0.139364	1.88851	1.40502	21.0	-0.362267	2.08548	0.761753	22.0	-0.32344	2.0726	0.76166	23.0	0.152709	1.95909	0.728443	24.0	0.127379	1.96364	0.81666
4.599	0.0	-0.179355	1.96296	0.830325	1.0	-0.160194	1.93215	1.16343	2.0	-0.129062	1.91102	1.4804	3.0	-0.167945	1.9255	1.62236	4.0	-0.315537	1.95742	1.32742	5.0	-0.256118	2.02558	1.02922	6.0	-0.367982	2.06966	0.836975	7.0	-0.366057	2.09633	0.80207	8.0	0.0412092	1.89348	1.32689	9.0	0.114325	1.87389	1.06702	10.0	0.146297	1.92974	0.839978	11.0	0.150761	1.95105	0.795755	12.0	-0.206044	1.99449	0.818699	13.0	-0.154354	1.88835	0.447894	14.0	-0.123618	1.79245	0.101235	15.0	-0.0992864	1.84316	0.0270941	16.0	-0.0854716	1.97956	0.850478	17.0	0.0681674	2.28603	0.721591	18.0	0.231593	2.65214	0.552815	19.0	0.283965	2.76643	0.523291	20.0	-0.138794	1.91469	1.40332	21.0	-0.353612	2.12098	0.761264	22.0	-0.361463	2.07401	0.791389	23.0	0.155469	1.97886	0.72858	24.0	0.131457	1.9858	0.807426
4.632	0.0	-0.179262	1.98328	0.827335	1.0	-0.159618	1.95301	1.16145	2.0	-0.12783	1.9342	1.47931	3.0	-0.165864	1.95126	1.62098	4.0	-0.314624	1.97994	1.3245	5.0	-0.263463	2.05799	1.01467	6.0	-0.354076	2.10678	0.811135	7.0	-0.362174	2.11421	0.788055	8.0	0.041074	1.91822	1.32509	9.0	0.115148	1.89806	1.06302	10.0	0.148242	1.9486	0.834982	11.0	0.152849	1.97202	0.789791	12.0	-0.205623	2.01492	0.815428	13.0	-0.154334	1.89871	0.450045	14.0	-0.124568	1.79294	0.0942334	15.0	-0.0996387	1.84479	0.0205185	16.0	-0.085213	1.99979	0.848389	17.0	0.0600703	2.29969	0.699005	18.0	0.21282	2.65762	0.50428	19.0	0.264163	2.77144	0.475785	20.0	-0.137733	1.93714	1.40203	21.0	-0.356798	2.12894	0.760934	22.0	-0.351008	2.0923	0.784336	23.0	0.157538	2.00202	0.725137	24.0	0.140188	2.01008	0.807768
4.666	0.0	-0.171991	2.0066	0.823021	1.0	-0.156392	1.97789	1.15754	2.0	-0.128563	1.96057	1.47559	3.0	-0.164438	1.97308	1.6196	4.0	-0.312643	2.00323	1.32478	5.0	-0.252752	2.07761	1.01518	6.0	-0.343375	2.12157	0.810682	7.0	-0.338461	2.13027	0.801002	8.0	0.0424176	1.94433	1.32284	9.0	0.114991	1.92264	1.06012	10.0	0.148055	1.97249	0.831869	11.0	0.150673	1.99458	0.791655	12.0	-0.196355	2.04051	0.810045	13.0	-0.151653	1.91152	0.450618	14.0	-0.124771	1.79598	0.0939267	15.0	-0.0817095	1.92225	0.0662892	16.0	-0.079395	2.02028	0.845558	17.0	0.0653535	2.31761	0.691208	18.0	0.217375	2.6726	0.49008	19.0	0.267937	2.78602	0.462007	20.0	-0.137472	1.96318	1.39829	21.0	-0.325798	2.14803	0.750345	22.0	-0.337878	2.11703	0.80599	23.0	0.157639	2.02063	0.725586	24.0	0.138595	2.03419	0.805378
4.699	0.0	-0.177956	2.03144	0.817593	1.0	-0.158312	2.00331	1.15342	2.0	-0.126111	1.98639	1.47275	3.0	-0.16168	2.00276	1.61464	4.0	-0.307527	2.03053	1.32446	5.0	-0.225145	2.11728	1.04776	6.0	-0.293537	2.14782	0.831211	7.0	-0.304928	2.15007	0.798358	8.0	0.0456774	1.9685	1.3199	9.0	0.115167	1.94724	1.05411	10.0	0.150943	1.99206	0.825296	11.0	0.151949	2.01859	0.788284	12.0	-0.201806	2.06334	0.80649	13.0	-0.151782	1.92299	0.429395	14.0	-0.125174	1.79904	0.0952199	15.0	-0.0810466	1.92505	0.0674629	16.0	-0.0853533	2.04608	0.838615	17.0	0.0741762	2.33321	0.679054	18.0	0.244737	2.67575	0.471052	19.0	0.295844	2.78898	0.443749	20.0	-0.136157	1.98892	1.39514	21.0	-0.317713	2.16346	0.740517	22.0	-0.304598	2.17772	0.845524	23.0	0.161009	2.04557	0.723607	24.0	0.141038	2.05769	0.80383
4.732	0.0	-0.143129	2.06861	0.813934	1.0	-0.142191	2.0353	1.14926	2.0	-0.123259	2.01502	1.46769	3.0	-0.158242	2.02533	1.60924	4.0	-0.29574	2.06229	1.32129	5.0	-0.227521	2.1465	1.01515	6.0	-0.250701	2.17806	0.786993	7.0	-0.29172	2.16384	0.772531	8.0	0.0476062	2.00057	1.31439	9.0	0.117535	1.97037	1.05028	10.0	0.149912	2.02061	0.822009	11.0	0.15099	2.04474	0.783296	12.0	-0.165663	2.10279	0.797985	13.0	-0.151169	1.93369	0.422287	14.0	-0.125025	1.79995	0.0950509	15.0	-0.0803202	1.92602	0.0677771	16.0	-0.0529107	2.07912	0.840392	17.0	0.064003	2.37297	0.567757	18.0	0.153159	2.63328	0.310202	19.0	0.203372	2.7465	0.285862	20.0	-0.130342	2.01809	1.39036	21.0	-0.305761	2.16295	0.740834	22.0	-0.303766	2.15414	0.763243	23.0	0.159168	2.06898	0.718272	24.0	0.14353	2.08541	0.796764
